100001110110
100010010100
100010111101
100010110101
100010110110
100010111011
100010101100
100011001010
100011000010
100011010000
100011011011
100011011011
100010001001
100011010110
100010010011
100010001111
100100010110
100010001110
100010011011
100010011111
100011001111
100011110110
100010111110
100010000100
100010011110
100010101010
100011010000
100011011011
100001111100
100010110011
100010011110
100010110110
100010111100
100011100000
100011101010
100011111010
100010110001
100011100000
100011000100
100011001001
100010010111
100011101001
100011000010
100011010101
100010101010
100010110001
100011110110
100011001010
100011010110
100010101101
100011010110
100011001000
100011101101
100010011110
100010110011
100011011100
100010111010
100100000000
100011000000
100010011010
100010110010
100010100111
100011010001
100010111100
100010010000
100011000111
100011001110
100011001011
100011010111
100011001101
100010111001
100011101011
100010110100
100010001010
100011101000
100010011100
100001110111
100010100000
100010110100
100010011101
100010111000
100011101001
100010111001
100010100100
100010100110
100010101011
100010100111
100010111011
100001111111
100010110111
100010101111
100011000111
100001110110
100010100001
100011110010
100011010010
100011000101
100010101100
100011101010
100010111101
100010111100
100100000100
100010110111
100011110000
100010111111
100011000101
100011100101
100011010100
100010001001
100010101101
100011101101
100011001100
100010111011
100011010000
100011000110
100010010100
100010111001
100010110101
100011000000
100011110101
100010010100
100010111001
100010111001
100011010110
100010011101
100010101001
100011000100
100010101001
100010000111
100011000100
100010111011
100010101000
100011010010
100010111011
100011101100
100010111011
100010000111
100011111110
100010111100
100011001100
100011000101
100011001100
100011101100
100011100110
100011010001
100010101000
100010011100
100010110100
100010110110
100011001100
100011011100
100010111100
100011000010
100010100010
100011011010
100010010110
100011000100
100010111000
100010110110
100011010101
100010100001
100010100010
100010101001
100011100011
100011100011
100011011010
100010111000
100011000110
100011001001
100011000010
100010101100
100011000000
100010101100
100011000010
100011001100
100011011110
100010111101
100010101010
100011011000
100011011101
100010101101
100010111001
100010101010
100001101001
100011010010
100011000100
100010001101
100010100011
100011011011
100011000011
100011010101
100100000010
100011010101
100011011101
100010101101
100010111001
100010001010
100011001110
100011110001
100010101001
100010111101
100101000100
100101110000
100111101011
100111011110
100111111000
101001110001
101100000011
101100010110
101110011100
101100100010
101110110000
110000011011
110001001011
110010101001
110100001100
110100101111
110101001110
110101001100
110110100011
111000100000
111000011111
111010000011
111011010011
111011110001
111100101000
111110011110
111111001000
111111110110
000001000111
000001101011
000011000000
000010111100
000101010011
000110011101
000110101111
000111101100
001000110010
001001110001
001011011010
001100110011
001100111011
001110001100
001110011001
001111100110
010001000100
010010001111
010010110100
010011001101
010101001100
010101010010
010111001111
011000110011
011000111011
011010000100
011011100001
011011101001
011101101100
011101000001
011100101101
011101000101
011101000100
011101001100
011011111100
011100110001
011110001100
011100101001
011101000010
011101010001
011100101101
011101001101
011101011100
011011101110
011100101110
011100100111
011100110001
011101011111
011100100000
011100000101
011100010010
011101010010
011100110100
011100111001
011100011010
011101101000
011101110010
011100010000
011100100010
011101010010
011101000000
011110011101
011100111111
011100101001
011101001111
011101010101
011101001111
011101011001
011101001101
011101001110
011101011011
011100110101
011100010001
011100111100
011100100000
011101101010
011100110111
011101011100
011101100100
011100111011
011101110100
011100110111
011110010110
011100011011
011101010110
011100101110
011011100011
011100011111
011101011101
011100101100
011100111100
011100111111
011100111101
011101100000
011101011010
011100100011
011101011100
011101001011
011101101001
011100101001
011101001001
011101010011
011101001100
011100101011
011101100001
011100011001
011101010011
011101111011
011101001000
011101000100
011101001001
011110000101
011101111011
011100101100
011101100100
011101010001
011100101010
011101101000
011100011110
011101010001
011101110110
011100100111
011101000011
011101010110
011100000010
011101000110
011101001001
011100010111
011101100000
011101010110
011101000010
011101010001
011100100000
011101001100
011101101111
011100001100
011101100001
011101010111
011100101101
011100110101
011101010110
011101010111
011100100100
011100101010
011100000011
011101010110
011100001001
011101101001
011100101111
011101010101
011100101110
011101010111
011100010101
011100111011
011101010101
011100110001
011100110010
011101001111
011101011100
011101110001
011101000110
011101000001
011101011001
011100101000
011101110010
011011111100
011100100010
011101101010
011100110011
011101101101
011101001111
011101001000
011011110000
011110011000
011100111011
011101100110
011100011000
011101100111
011100111010
011110101011
011100100110
011011110010
011101101101
011101000011
011100101101
011101000011
011101001100
011100100100
011101010111
011101000100
011100101000
011110000110
011011111110
011100110111
011100101111
011101100000
011101100100
011101001010
011100110000
011101011001
011100111010
011100111011
011100111001
011100000000
011100111010
011110000011
011101001010
011101000000
011101010000
011011101110
011101000000
011101001101
011100111001
011101011111
011101101110
011101101001
011100011011
011100010000
011101001100
011101011110
011101001110
011100010011
011101011110
011100111010
011101001100
011101001110
011100111110
011100010010
011101010110
011011111001
011011000011
011010101010
011000011010
011000111011
010110001011
010101001111
010101011111
010011111100
010010110101
010010000111
010000100101
010001001000
001110100101
001101100100
001100110100
001011110110
001010011001
001001011010
001000001101
000111000001
000111100010
000101101101
000100101010
000011011010
000011011100
000010000111
000001000101
000000001101
111110101001
111101010101
111100110111
111011110001
111010100011
111010010000
111001011001
110111110100
110111000001
110110000111
110100011111
110011011111
110010111001
110010100011
110001011100
110000010111
101110100111
101110101100
101100110000
101100010001
101010010000
101001010100
101001000101
100111110110
101000000100
100110010010
100100100100
100010111100
100010100101
100010111010
100011010110
100011101101
100011100111
100010111101
100010101110
100010111011
100011000010
100011000111
100011110110
100010100101
100011000100
100010101111
100010011111
100010110000
100010110001
100011110011
100010111101
100010011110
100010100111
100011001101
100010100010
100011010000
100011001011
100011100010
100010100010
100011011001
100010100011
100010110111
100010100111
100011000100
100010100110
100010110001
100010100101
100010100110
100010111110
100010001110
100010111101
100010100000
100010011000
100011011010
100010110010
100011000100
100011110000
100011010001
100011010001
100010011101
100010101001
100011001111
100011000101
100011010111
100011100111
100011010101
100011011111
100011000100
100011111111
100010111111
100010011110
100011001111
100011001010
100011001001
100011100111
100010110111
100010101110
100010111011
100010011000
100010011110
100011000011
100011000111
100010101001
100010111101
100010000000
100010010001
100011000111
100011001110
100011001110
100011110100
100011001000
100011010010
100010110111
100100000100
100010101001
100011001010
100011101110
100010100100
100011010000
100011011010
100010101001
100011000010
100011010001
100011000101
100011001010
100010101000
100011011000
100010011100
100011100000
100010100010
100011001010
100001110110
100011011101
100010001001
100010111100
100010101111
100010111010
100010111100
100010110001
100011011101
100010111001
100011010110
100011001111
100010101010
100011111011
100010110111
100010111100
100010011011
100100000010
100011010101
100010100011
100011010010
100010100011
100010100110
100010110111
100010111100
100010111011
100011011011
100010110100
100010001011
100011001001
100010100000
100011001011
100011000111
100011100001
100010010011
100010000101
100011110011
100010101010
100010101101
100010111101
100010111011
100010111010
100010100100
100011100110
100011100011
100011101101
100011010000
100011011101
100010001110
100011111010
100011101000
100010010010
100010101001
100010000100
100010111001
100010111111
100010101010
100011011101
100010011110
100011000001
100010110011
100010110011
100010111111
100011010110
100011001100
100011001100
100010101011
100010111011
100010101000
100011111011
100010111010
100011100110
100011100001
100010011010
100010011101
100010001110
100011011000
100011000100
100011000101
100010111101
100011010010
100010000001
100011101111
100011011110
100011010011
100011000111
100010110101
100100000110
100010010001
100011100111
100010000101
100010110101
100011100011
100010110011
100011000010
100010011110
100010110101
100011101101
100010011101
100011010100
100010100101
100010111111
100010111001
100011000111
100011000011
100010010110
100010010010
100011011101
100010010010
100010001011
100011100001
100011001000
100011101011
100011000011
100011000100
100010011011
100011010001
100010000011
100100011010
100011001000
100011100010
100100000100
100011010001
100010110101
100011001001
100011001111
100011000001
100011100101
100010110111
100011000111
100010100110
100011001110
100010001110
100011010001
100010100101
100010100111
100011100101
100011000011
100011011101
100011000111
100011011000
100011010010
100010101111
100011000101
100011100111
100010010111
100010100100
100011010011
100011001100
100011001101
100011100001
100010101011
100011001110
100010000101
100010011010
100010110100
100010100101
100011100110
100011000111
100010100110
100010011100
100010101010
100011011110
100011010010
100011000101
100010101101
100010010001
100010011010
100010110010
100010100101
100010100000
100010100110
100010110111
100010011101
100010111111
100010111111
100011000000
100010011110
100010101101
100011001000
100010010111
100010101001
100010110011
100100001100
100011100110
100010110010
100010110111
100011011110
100010101011
100010010111
100010110000
100011101011
100001101011
100011010110
100010010011
100010110011
100010101001
100010100000
100010110000
100011010011
100001101101
100011101000
100011111111
100010101110
100010011001
100011110100
100011010000
100011000011
100011000001
100010110110
100010111011
100010101011
100010001110
100010100100
100010111000
100010101000
100010111111
100010010010
100011001100
100011010011
100010010100
100011001011
100011000101
100010001010
100011011001
100010110011
100011000011
100010101111
100010110110
100010010010
100011101000
100010101111
100010111101
100011110001
100011010101
100011011000
100011101001
100011101001
100010110011
100011010101
100011110110
100010100010
100010101001
100010010101
100010011001
100010011000
100011010010
100010011111
100011001100
100011011100
100010100011
100011111001
100011011011
100011100111
100011000011
100010100111
100011001001
100011001111
100011101000
100010001010
100010111111
100011010100
100011100100
100011101100
100010110110
100010101111
100011010001
100010110100
100010110011
100100100100
100010011101
100011001011
100011100010
100010110010
100011011011
100010011000
100010111110
100010011000
100010111010
100011000001
100010011110
100010111000
100011010001
100010111110
100011110010
100010111000
100011000101
100010110101
100011010111
100001111000
100011010011
100010010110
100010101110
100011011000
100011111000
100010011100
100010111010
100011111101
100011001101
100011100111
100010101000
100011010001
100011000100
100011011001
100010110100
100011000000
100011000101
100010111011
100010110100
100010110010
100011001110
100011010101
100010001010
100011100100
100001100011
100001111111
100011101101
100011001010
100010110001
100011000010
100010110101
100010011011
100010111111
100010010110
100011101110
100010001110
100011001011
100011000011
100010100001
100011000101
100011000011
100011101010
100011100000
100011011100
100010101110
100001111110
100011001101
100001100100
100011010101
100011011101
100010110010
100011100111
100011100101
100011011111
100011111011
100011000010
100010111101
100011001000
100011011111
100010101010
100010101101
100010110100
100010110001
100011100100
100011100101
100010110100
100011011011
100010111001
100010110000
100011010001
100010100000
100010011110
100011110101
100010101000
100010100011
100011110010
100011000101
100011100100
100010110101
100011000101
100010111011
100011000110
100011001100
100011100111
100010110010
100010111010
100011010010
100011001110
100010111100
100011100011
100011101011
100011010110
100010100100
100010110110
100010010111
100010001010
100011011011
100010011001
100011101010
100010010111
100010110011
100011101111
100010100000
100011100010
100011010010
100010101110
100010111101
100011110111
100010110110
100011010010
100011000100
100011010110
100011011000
100100001100
100011100111
100010100000
100011100110
100010111001
100010101111
100011111011
100011110011
100011001100
100011100101
100011100000
100010101001
100010101011
100011010101
100011001100
100011001100
100011010111
100011000000
100010011001
100011001010
100011001010
100010111011
100011001111
100011011010
100011011000
100010110111
100011101010
100010100111
100010101100
100011001010
100010101011
100011000101
100011100001
100011000000
100011000100
100010101101
100011010001
100010111010
100011010010
100011011111
100010111101
100011011111
100011000111
100010100100
100010110101
100010000000
100011001000
100011100010
100011001011
100010011101
100010000111
100010010001
100010100011
100010100011
100010100000
100011000001
100011010110
100010000001
100100000001
100011110000
100010101100
100010011011
100010111000
100010100101
100011000011
100100000001
100010110011
100010110110
100011000111
100010000010
100010100101
100010101011
100010000100
100010111000
100010100101
100010001100
100011001000
100011010101
100011110100
100010101110
100010101000
100011011110
100011101010
100010111111
100010111000
100010111000
100010011010
100011001100
100010110011
100010111000
100010011000
100011000111
100011010110
100100000110
100010000101
100011010100
100011110101
100010001101
100010111101
100011001001
100010100010
100010111000
100010100110
100010111010
100011010111
100011100010
100010101000
100010000011
100011000010
100010110011
100010011100
100011110001
100010110101
100010101110
100011100001
100010111001
100011100010
100010010001
100010101110
100010111110
100010111101
100010110110
100011000111
100010100010
100011001001
100011011101
100011111101
100001110100
100010001000
100010110010
100010111001
100010000011
100011000011
100011010011
100001111011
100011000011
100011010110
100011000000
100010111111
100010101011
100011111111
100010101000
100010011100
100010101100
100010110100
100100001110
100011000001
100010011011
100010001101
100011000011
100011100001
100010011011
100010100000
100010010000
100010110100
100100011000
100010101110
100011010011
100010100000
100010100100
100010001011
100010110011
100011101101
100010110001
100011001101
100011010011
100011011100
100010101100
100010100001
100011000110
100010110111
100010100101
100011111110
100001111100
100010110110
100010111110
100011000111
100011010100
100010110010
100010111101
100011100100
100011010110
100100010011
100100100010
100100110111
100101101101
100110010010
101000100110
101001001011
101010100000
101010000011
101010111000
101100101101
101101101110
101111001001
101111100001
110000111111
110001110001
110010110110
110011110011
110101010000
110101111001
110111101001
110111100000
111000111110
111010000011
111011011011
111100000101
111101001101
111110000101
111111101000
111111110111
000000010110
000010001110
000011100001
000100110001
000100101011
000101111110
000110000100
000111100111
001001000011
001010100100
001011000110
001100100011
001100111111
001101100011
010000000000
010000101011
010001001111
010010011000
010010111111
010100010000
010101010101
010110100101
010111000000
010110110100
011001010101
011010001101
011100000011
011011111100
011101010001
011100010001
011101000110
011100101000
011100101100
011101011010
011100000110
011100101110
011100100000
011101001001
011100100100
011100111011
011101000010
011101010011
011100110000
011101001001
011100011101
011101001110
011100111010
011011011100
011100101010
011100111111
011101000110
011100111010
011101010111
011100111001
011101001000
011100101010
011101100000
011101011001
011100111100
011101000101
011101000111
011101000100
011100110010
011101000000
011100110111
011101000000
011100101011
011011101010
011101010000
011101100111
011101011000
011101001101
011101000111
011011111101
011100110000
011100100011
011101111110
011100000011
011101000000
011100100010
011101000101
011101100110
011100101100
011100011001
011100111010
011101011111
011100001110
011100110000
011101010100
011100000100
011100110010
011100111111
011110000111
011101000101
011100101100
011101010001
011101000001
011100111011
011101001110
011101100100
011100100000
011100101001
011101011011
011110100101
011101011101
011101010111
011100110111
011100101100
011100011100
011101100010
011100010101
011100101001
011101001011
011101011000
011101001010
011101011001
011101101010
011100001101
011100100000
011101000100
011101000011
011101001000
011101001101
011100010111
011101010000
011101011111
011011110010
011011111000
011101001111
011101001111
011100011110
011101110110
011101011110
011101000001
011100101101
011101011001
011101100110
011101010011
011100011011
011100101001
011100111001
011100011000
011100111101
011100110001
011101001000
011101010101
011101100000
011100100001
011100010110
011100101011
011100110110
011100110111
011101100011
011100010110
011101011101
011101110011
011100111111
011101010100
011100110001
011101000100
011101010010
011101001011
011100011010
011101001000
011100010011
011101001111
011101000001
011101001011
011100110000
011101010001
011101110011
011100110100
011100110001
011101010111
011101011000
011101000101
011101011010
011101001101
011100110010
011101101100
011101000100
011100010101
011101000001
011101110010
011101001011
011100111011
011100111011
011100100101
011100111110
011100010010
011101001110
011101000000
011100100011
011110000011
011100001001
011101010110
011101000011
011101001010
011101011110
011100111111
011100101101
011101010011
011100010111
011100011100
011101111101
011100110010
011100101010
011100000011
011101100000
011101000110
011100010110
011100111010
011100010111
011101010010
011100100101
011101000100
011101001100
011100011000
011100100010
011100110110
011101010110
011100011001
011100011000
011101001011
011100010111
011100110111
011101111010
011101000100
011101011111
011100010101
011011011101
011010011111
011001000100
011000001011
010110111100
010101111000
010100111001
010100100001
010011000100
010010111010
010001010111
001111011111
001110111100
001101101000
001101010100
001011010100
001010101011
001001111100
001001000011
000111010000
000111001101
000110001101
000100111011
000011111101
000011001110
000001010111
000001010100
111111101101
111110011001
111101001001
111100100001
111010111000
111010100110
111010001000
111000010010
111000100001
110110111100
110101101001
110100110100
110100111000
110011101110
110010110101
110010001001
101111101111
101111011110
101101111100
101101110100
101100010100
101011000111
101001100110
101000011000
101000000100
100111000000
100101101111
100100111100
100100110000
100010000110
100010000001
100010100101
100010100101
100100000011
100011101100
100100001000
100010111000
100010111101
100010110010
100010001111
100010011110
100011100110
100011011110
100011010111
100010110101
100010010100
100010000110
100010111001
100010110001
100010010111
100011111111
100011100101
100001111101
100010101000
100010111011
100011001111
100010110010
100010000110
100010101001
100011100101
100010101111
100011001110
100010101001
100011111100
100011010011
100010111101
100011000100
100010101010
100011110010
100011111111
100011011010
100011000110
100010111100
100011011001
100011000110
100011011001
100011010000
100010111011
100010111010
100011101101
100010101001
100011010110
100011100111
100100000111
100011110101
100011110100
100011101111
100011010000
100010100001
100011001101
100010101001
100011001000
100010110001
100011010100
100011110101
100011010110
100011001000
100010010000
100011101001
100010111101
100010110010
100010111111
100011001110
100011010000
100011010001
100011000111
100011000001
100011000000
100010111000
100010110011
100010001001
100010011001
100011000110
100010111101
100010110100
100011001100
100100000000
100010101111
100011111100
100011101110
100010100100
100010111000
100011010110
100010100010
100011100000
100010100001
100011010101
100010100100
100011001000
100011010111
100010101011
100001111011
100100000010
100010000101
100011101110
100011010001
100011001001
100010111001
100011010000
100010101111
100011011010
100010100100
100011100001
100011001011
100011100100
100010110011
100100011011
100011010100
100010111001
100011110010
100011101010
100010010111
100011001010
100010111110
100010111100
100011011111
100011011011
100010110101
100010100001
100010111011
100011011101
100010011110
100011001111
100001110001
100010100010
100011010111
100010010111
100010111011
100011001111
100100000001
100011001110
100011010011
100010011000
100011000111
100011001000
100010100110
100011100111
100011001110
100011001010
100010110111
100011000011
100010000001
100010011001
100010011011
100011000000
100010101100
100011011011
100010110101
100011101000
100001010110
100011100011
100011001011
100010111011
100011010010
100011000011
100010111101
100010100111
100011011111
100011001101
100011011101
100011111111
100011000001
100011100001
100010111100
100010100011
100011001000
100010100101
100010111100
100010010011
100011001101
100011000001
100010000010
100010100000
100010001101
100011001110
100011000010
100010011101
100010111000
100011011111
100011000010
100100000100
100011001110
100011011010
100010111001
100011001111
100011000101
100010011010
100011000011
100011010011
100010100110
100010110011
100011001110
100011010011
100010110001
100011001011
100010010100
100010110000
100011011000
100011101110
100010101000
100010100110
100010110110
100010110010
100011000010
100010110111
100011011100
100011110101
100010101101
100010100000
100011010000
100011100100
100011001111
100011100000
100011101010
100010101100
100010110010
100010111011
100010010010
100011001110
100011000000
100011000011
100011001001
100011100001
100011001101
100011010110
100010100111
100100000100
100010001110
100010111110
100100000111
100011011001
100011000001
100011001111
100010011000
100011101000
100011000110
100011101111
100011000010
100011100101
100011100010
100010111101
100011101011
100010111101
100010111111
100010111101
100011000001
100010100110
100011000011
100010101110
100010110011
100010001011
100011101111
100010001001
100011010100
100011000110
100011100011
100010010001
100010011111
100010101100
100010011101
100011101000
100011000011
100011001000
100011010010
100010010011
100010111100
100010101000
100011010100
100010111110
100011000101
100011011111
100010001101
100010101111
100011011011
100011010000
100010101010
100010110001
100011010101
100011000010
100011011001
100010010111
100011100100
100011001010
100011001010
100011101011
100011010011
100011110010
100010010110
100010101010
100011111100
100100101010
100010110110
100010100110
100011000110
100010110110
100011010000
100100010100
100011001110
100010100111
100011011101
100010110101
100011011101
100011000111
100010101111
100010010111
100011011000
100011000011
100011000000
100010000011
100010101011
100010111001
100010011101
100011000001
100011011101
100010101110
100011111110
100010011111
100011100000
100011010011
100010111000
100011100111
100011011011
100010100111
100010100111
100011000111
100010101101
100010111110
100010100000
100011010110
100011001001
100011100101
100011010011
100011101000
100010011000
100011110010
100011100100
100011001001
100011101001
100010111110
100010110010
100011111001
100010100100
100011010110
100011000010
100010000000
100010101011
100011001011
100010111001
100011010000
100011000001
100010010111
100011000100
100010111111
100010100100
100011110001
100010000101
100001111001
100011010111
100010111100
100010110001
100011100111
100011000000
100011000001
100010111011
100011001011
100011010000
100011001100
100010001011
100011111010
100010110001
100010101001
100011001011
100011100100
100010100011
100011011011
100010110101
100010010101
100010110011
100010100110
100011000110
100010110111
100011000110
100011011100
100010101000
100010110100
100010110111
100011000011
100010101000
100011000101
100011011110
100010101101
100010110001
100011000110
100010011101
100011000011
100010100101
100011100011
100010000111
100010111000
100011000011
100011011110
100011001010
100011110001
100011010010
100010101010
100011000011
100011000100
100001100001
100011000000
100010100000
100010101101
100010101101
100011100111
100010000111
100011001000
100010111110
100010001010
100011110010
100011100001
100010100111
100100000101
100010110111
100011101000
100010111001
100011101000
100011001101
100011001110
100010111001
100010111111
100010101101
100011001011
100100110000
100011101000
100011001011
100010111011
100011000011
100011110101
100010101111
100011100111
100010100000
100010101010
100011000000
100011001011
100011001010
100010111010
100010010100
100011000001
100010111010
100010111100
100011001110
100010101100
100010111001
100010110111
100011010111
100010011110
100010110000
100010111000
100010111111
100011010010
100011011011
100010100010
100011010111
100010100111
100010101110
100011100110
100011111010
100010011011
100011011110
100010100001
100011010101
100010111011
100010100110
100001110011
100011101000
100010011010
100011110001
100011011010
100001111110
100010101110
100011001000
100100001001
100011101011
100010100001
100010111000
100011101100
100010110011
100010110101
100010101111
100010011011
100010110000
100011100100
100010111011
100011000010
100010101101
100010011101
100010110101
100011110001
100010011001
100011011110
100011000100
100010111001
100010011101
100010111011
100011010010
100010111111
100011010101
100010100011
100010101110
100010000010
100100000100
100010110001
100010110000
100011010111
100011001010
100010111101
100010111100
100011001111
100010110001
100010101100
100011011011
100010110010
100010000000
100011010100
100011111101
100011110011
100010111000
100011110000
100010110100
100011000010
100010010001
100011010110
100010110110
100010111101
100010101100
100011110001
100011010101
100011100100
100011100000
100010100100
100011100010
100011001000
100010111110
100011011110
100011010000
100010110000
100010110110
100011110001
100011000100
100010110100
100010010111
100010101000
100011001010
100010111100
100011010110
100011010001
100011011101
100011000000
100011010101
100010111010
100010110110
100010011100
100011101100
100010101000
100011000010
100011100011
100011100111
100011001110
100010101001
100010111001
100010110001
100010100001
100011001101
100011000000
100010111000
100011011111
100010101011
100010110110
100011000101
100010111000
100010111000
100010000111
100011000111
100011000010
100010010100
100010011110
100010111100
100011010011
100010111100
100001111110
100010101011
100011000111
100011101110
100010101111
100010110111
100011000011
100011010011
100011000011
100010011000
100011001000
100010111011
100010010001
100011101100
100011110100
100011000000
100011000001
100010100011
100011010101
100010110111
100011100011
100011010101
100011000111
100010010011
100011100010
100010111100
100011011100
100011000110
100011110010
100011000110
100010111110
100010101110
100011100100
100011111011
100010011100
100010111110
100011001001
100010101010
100010111111
100011100111
100100001001
100001110111
100010111000
100011000010
100011000000
100011100101
100011000011
100010101110
100010100100
100010010011
100011000111
100011101110
100010011101
100011111111
100011000100
100010100101
100010110000
100011110010
100010111101
100100010010
100100000000
100010001010
100011001110
100010111010
100011000000
100011000110
100011000011
100011110000
100010011001
100011111011
100011000011
100011010111
100011001100
100010100100
100011110111
100011100001
100011000100
100100010001
100011101000
100011001000
100010101100
100011000010
100010101111
100010010110
100010111110
100011110111
