000000000000
111111010110
111110101111
111110001101
111101101100
111101001111
111100110011
111100011010
111100000100
111011110001
111011011110
111011010001
111011000101
111010111011
111010110100
111010101110
111010101010
111010110010
111010111001
111011000010
111011001110
111011011101
111011110000
111100000101
111100011001
111100110010
111101001110
111101101011
111110001101
111110101110
111111010100
111111111100
111111111010
111111111010
111111111011
111111111100
111111111101
111111111101
111111111101
111111111110
111111111110
111111111101
000000000000
000000000001
111111111111
000000000000
111111111110
111111111111
000000000001
000000000000
111111111111
111111111110
111111111111
000000000001
000000000000
111111111110
111111111110
111111111101
111111111111
111111111111
111111111011
111111111011
111111111010
111111111001
111111111001
111111111000
111111111001
111111111011
111111111010
111111111011
111111111011
111111111011
111111111011
111111111100
111111111001
111111111011
111111111010
111111111000
111111111001
111111111000
111111111000
111111111000
111111111010
111111111010
111111111010
111111111001
111111111000
111111111000
111111111000
111111111001
111111111010
111111111000
111111111001
111111111000
111111111000
111111111010
111111111010
111111111010
111111111011
111111111100
111111111101
111111111110
111111111111
000000000001
000000000010
000000000001
000000000011
000000000011
000000000010
000000000000
000000000000
000000000000
000000000000
000000000001
000000000001
000000000000
111111111111
111111111111
111111111110
111111111101
111111111101
111111111100
111111111011
111111111011
111111111010
111111111000
111111111000
111111111001
111111111000
111111110110
111111110111
111111111000
111111110110
111111111001
111111111000
111111111011
111111111011
111111111010
111111111100
111111111100
111111111100
111111111100
111111111101
111111111110
111111111111
000000000000
000000000000
111111111110
111111111101
111111111101
111111111110
111111111111
111111111110
111111111110
111111111110
111111111111
111111111101
111111111100
111111111101
111111111100
111111111011
111111111010
111111111001
111111111000
111111111001
111111111010
111111111011
111111111011
111111111010
111111111011
111111111011
111111111011
111111111011
111111111011
111111111100
111111111101
111111111110
111111111110
111111111101
111111111100
111111111101
111111111101
111111111101
111111111101
111111111011
111111111011
111111111100
111111111010
111111111010
111111111010
111111111010
111111111010
111111111100
111111111011
111111111100
111111111100
111111111100
111111111011
111111111100
111111111110
111111111101
111111111101
000000000000
000000000100
000000001001
000000001110
000000010100
000000011101
000000100110
000000110000
000000111011
000001000101
000001001111
000001011011
000001100110
000001110001
000001111110
000010001100
000010010101
000010011110
000010101000
000010110010
000010111100
000011000110
000011001111
000011010101
000011011011
000011100000
000011100011
000011100110
000011101001
000011100111
000011100110
000011100100
000011100100
000011100110
000011100101
000011100010
000011100010
000011100011
000011100011
000011101000
000011100101
000011100101
000011100100
000011100100
000011100101
000011100111
000011101000
000011101000
000011100111
000011100101
000011100111
000011100111
000011101000
000011101001
000011101001
000011101000
000011101001
000011101001
000011100110
000011100010
000011011101
000011011000
000011001110
000011000110
000011000000
000010110110
000010101100
000010100001
000010010110
000010001011
000010000001
000001110101
000001101001
000001011100
000001010001
000001000110
000000111011
000000110000
000000100110
000000011110
000000010100
000000001110
000000001001
000000000101
000000000010
111111111111
111111111101
111111111111
111111111111
000000000001
000000000010
000000000001
000000000010
000000000010
000000000010
000000000100
000000000100
000000000100
000000000101
000000000101
000000000100
000000000101
000000000011
000000000011
000000000010
000000000010
000000000100
000000000011
000000000010
000000000001
000000000011
000000000001
000000000001
111111111111
111111111110
111111111110
111111111101
111111111100
111111111101
111111111100
111111111101
111111111110
111111111110
111111111101
111111111110
111111111110
000000000000
000000000000
000000000000
000000000001
000000000001
000000000000
000000000000
111111111110
111111111111
000000000000
000000000000
000000000001
000000000001
000000000011
000000000101
000000000101
000000000101
000000000110
000000000101
000000000011
000000000001
000000000001
000000000010
000000000000
000000000000
000000000000
111111111111
111111111110
111111111110
111111111101
111111111110
111111111110
111111111101
111111111101
111111111101
111111111110
111111111110
111111111100
111111111011
111111111101
111111111110
111111111101
111111111101
111111111101
111111111110
111111111111
111111111101
111111111111
111111111101
111111111110
111111111110
111111111110
111111111110
000000000000
111111111111
111111111110
000000000000
111111111110
111111111110
111111111110
111111111110
000000000000
000000000001
000000000001
000000000001
000000000000
000000000010
000000000001
111111111111
000000000010
000000000001
000000000010
000000000010
000000000011
000000000010
000000000011
000000000010
000000000010
000000000001
000000000000
000000000001
000000000010
000000000011
000000000000
000000000001
000000000000
111111111111
111111111111
111111111111
111111111101
111111111110
111111111110
111111111111
000000000001
111111111111
111111111111
111111111110
111111111111
111111111111
111111111110
111111111110
111111111111
111111111111
111111111111
111111111111
111111111011
111111111110
111111111111
000000000000
111111111110
000000000000
111111111110
000000000000
000000000000
111111111110
000000000000
000000000001
000000000001
000000000000
111111111111
000000000000
000000000000
000000000000
111111111111
000000000001
111111111111
111111111111
111111111111
000000000000
000000000000
000000000000
111111111110
111111111100
111111111001
111111110011
111111101110
111111100101
111111011011
111111010101
111111001100
111111000010
111110111000
111110101011
111110100000
111110010110
111110001001
111101111101
111101110100
111101101000
111101011100
111101001111
111101000101
111100111101
111100110101
111100101011
111100100101
111100100000
111100011011
111100011000
111100010110
111100010011
111100010011
111100010011
111100010011
111100010100
111100010101
111100010111
111100010101
111100010101
111100010110
111100010110
111100010101
111100010101
111100010110
111100011001
111100011001
111100011000
111100011001
111100011001
111100011000
111100010111
111100010101
111100010100
111100010100
111100010110
111100010111
111100010100
111100010011
111100010011
111100010101
111100011001
111100011101
111100100001
111100100111
111100101110
111100110100
111100111110
111101000111
111101010010
111101011100
111101100111
111101110000
111101111010
111110000110
111110010010
111110011111
111110101010
111110110100
111110111111
111111001000
111111010010
111111011010
111111100001
111111101000
111111101110
111111110101
111111111000
111111111011
111111111010
111111111001
111111111001
111111111001
111111111001
111111111010
111111111010
111111111001
111111111001
111111111001
111111111001
111111111010
111111111010
111111111011
111111111100
111111111100
111111111011
111111111011
111111111100
111111111101
111111111101
111111111100
111111111110
111111111110
000000000000
000000000000
000000000010
000000000001
000000000010
000000000001
000000000001
000000000001
000000000001
000000000001
000000000000
111111111111
111111111110
111111111101
111111111011
111111111011
111111111010
111111111000
111111111000
111111110110
111111110110
111111111000
111111111000
111111111001
111111111001
111111111001
111111111000
111111111010
111111111010
111111111011
111111111100
111111111100
111111111101
111111111111
111111111111
111111111110
111111111111
111111111111
111111111111
111111111111
111111111111
111111111110
111111111111
111111111101
111111111101
111111111010
111111111100
111111111010
111111111010
111111111000
111111110111
111111110111
111111110110
111111111000
111111111001
111111111001
111111111010
111111111010
111111111100
111111111011
111111111100
111111111100
111111111101
111111111110
111111111110
111111111110
111111111101
111111111101
111111111101
111111111101
111111111101
111111111110
111111111101
111111111100
111111111100
111111111100
111111111011
111111111100
111111111011
111111111010
111111111000
111111111010
111111111010
111111111001
111111111010
111111111001
111111111010
111111111010
111111111010
111111111101
111111111101
111111111110
111111111110
111111111110
000000000000
000000000000
000000000000
111111111110
111111111101
111111111100
111111111101
111111111100
111111111101
111111111101
111111111011
111111111011
111111111010
111111111011
111111111100
111111111101
111111111100
111111111010
111111111011
111111111010
111111111011
111111111011
111111111100
111111111100
111111111011
111111111010
111111111010
111111111100
111111111100
111111111101
111111111100
111111111110
111111111101
111111111110
111111111110
111111111101
111111111101
111111111101
111111111110
111111111101
111111111110
111111111100
111111111011
111111111100
111111111011
111111111100
111111111011
111111111011
111111111100
111111111011
111111111011
111111111011
111111111011
111111111100
111111111101
111111111100
111111111011
111111111000
111111111001
111111111001
111111111000
111111111001
111111111001
111111111001
111111111010
111111111011
111111111011
111111111011
111111111010
111111111110
111111111101
111111111111
111111111111
111111111111
000000000000
000000000000
000000000000
111111111111
000000000000
000000000001
111111111111
000000000000
111111111111
111111111110
111111111110
111111111110
111111111100
111111111101
111111111011
111111111100
111111111011
111111111010
111111111011
111111111010
111111111011
111111111011
111111111011
111111111001
111111111010
111111111000
111111111010
111111111011
111111111011
111111111100
111111111011
111111111010
111111111010
111111111001
111111111011
111111111100
111111111011
111111111010
111111111001
111111111010
111111111010
111111111011
111111111010
111111111000
111111111000
111111111000
111111111000
111111111000
111111111000
111111111001
111111111000
111111111001
111111111010
111111111010
111111111001
111111111001
111111111010
111111111010
111111111011
111111111011
111111111110
111111111110
111111111101
111111111101
111111111110
111111111111
111111111110
111111111110
111111111110
111111111100
111111111110
111111111110
111111111110
111111111110
111111111110
111111111100
111111111101
111111111011
111111111011
111111111100
111111111100
111111111011
111111111101
111111111101
111111111101
111111111101
111111111100
111111111101
111111111100
111111111010
111111111010
111111111011
111111111101
111111111100
111111111011
111111111100
111111111110
111111111100
111111111100
111111111101
111111111010
111111111100
111111111011
111111111011
111111111010
111111111011
111111111001
111111111011
111111111010
111111111010
111111111101
111111111101
111111111101
000000000000
000000000001
000000000001
000000000001
000000000010
000000000010
000000000001
111111111111
111111111110
111111111101
111111111101
111111111100
111111111100
111111111100
111111111100
111111111100
111111111100
111111111101
111111111100
111111111100
111111111100
111111111100
111111111100
111111111011
111111111010
111111111011
111111111011
111111111100
111111111100
111111111100
111111111101
111111111101
111111111101
111111111111
111111111111
000000000000
000000000000
111111111111
111111111110
111111111100
111111111011
111111111010
111111111001
111111111001
111111111001
111111111000
111111111001
111111111010
111111111100
111111111011
111111111010
111111111010
111111111011
111111111010
111111111001
111111111001
111111111000
111111111010
111111111100
111111111011
111111111011
111111111100
111111111100
111111111100
111111111110
111111111101
111111111110
111111111111
111111111111
111111111111
111111111110
111111111111
111111111101
111111111101
111111111101
111111111101
111111111011
111111111100
111111111010
111111111001
111111111010
111111111010
111111111010
111111111011
111111111001
111111111001
111111111000
111111110110
111111111000
111111111001
111111111000
111111111000
111111111001
111111111001
111111111011
111111111100
111111111101
111111111101
111111111110
111111111101
111111111101
111111111100
111111111100
111111111101
111111111101
111111111110
000000000000
000000000000
000000000010
000000000000
111111111111
000000000000
000000000000
111111111111
111111111111
111111111110
111111111110
111111111110
111111111110
111111111110
111111111110
111111111101
111111111101
111111111100
111111111011
111111111010
111111111100
111111111100
111111111100
111111111101
111111111011
111111111100
111111111001
111111111001
111111111001
111111111010
111111111010
111111111100
111111111011
111111111100
111111111101
111111111101
111111111101
111111111110
111111111110
111111111110
111111111101
111111111100
111111111100
111111111011
111111111100
111111111011
111111111100
111111111011
111111111010
111111111011
111111111001
111111111011
111111111010
111111111001
111111111010
111111111011
111111111011
111111111011
111111111100
111111111100
111111111101
111111111110
000000000000
111111111110
111111111111
111111111111
111111111111
111111111111
000000000001
000000000001
000000000010
000000000010
000000000001
111111111111
111111111110
111111111111
111111111101
111111111110
111111111100
111111111010
111111111011
111111111010
111111111010
111111111010
111111111001
111111111010
111111111010
111111111010
111111111001
111111111000
111111111000
111111111000
111111111001
111111111010
111111111010
111111111010
111111111010
111111111001
111111111010
111111111011
111111111100
111111111101
111111111101
111111111101
111111111100
111111111011
111111111010
111111111011
111111111100
111111111100
111111111010
111111111001
111111111000
111111110111
111111110111
111111110111
111111111000
111111111001
111111111000
111111111001
111111111010
111111111010
111111111001
111111111001
111111111001
111111111010
111111111100
111111111100
111111111100
111111111100
111111111011
111111111100
111111111100
111111111011
111111111101
111111111100
111111111011
111111111010
111111111100
111111111110
111111111110
111111111110
111111111101
111111111101
111111111101
111111111101
111111111100
111111111011
111111111100
111111111011
111111111100
111111111101
111111111101
111111111101
111111111111
111111111101
111111111110
000000000001
111111111111
111111111110
111111111111
111111111110
111111111101
111111111101
111111111011
111111111100
111111111100
111111111010
111111111001
111111111010
111111111011
111111111010
111111111010
111111111010
111111111100
111111111100
111111111100
111111111101
111111111100
111111111100
111111111011
111111111011
111111111001
111111111011
111111111011
111111111100
111111111100
111111111110
111111111110
111111111100
111111111100
111111111100
111111111010
111111111010
111111111010
111111111001
111111111010
111111111100
111111111100
111111111011
111111111011
111111111011
111111111010
111111111011
111111111011
111111111010
111111111101
111111111110
111111111110
111111111100
111111111100
111111111101
111111111100
111111111100
111111111011
111111111010
111111111101
111111111110
000000000000
111111111111
111111111100
111111111100
111111111011
111111111011
111111111011
111111111100
111111111011
111111111100
111111111100
111111111100
111111111101
111111111101
111111111101
111111111110
111111111100
111111111011
111111111100
111111111110
111111111110
111111111110
111111111100
111111111110
111111111111
000000000000
000000000001
000000000011
000000000110
000000001011
000000010010
000000011010
000000100001
000000101000
000000101110
000000110111
000001000010
000001001101
000001011000
000001100011
000001110000
000001111010
000010000101
000010010001
000010011100
000010100110
000010110001
000010111001
000011000001
000011001010
000011010001
000011011000
000011011101
000011100001
000011100101
000011100110
000011101000
000011101010
000011101011
000011101010
000011101001
000011101001
000011101001
000011101010
000011101001
000011101001
000011101001
000011101000
000011101000
000011101000
000011101001
000011101001
000011101001
000011101001
000011101001
000011101001
000011101011
000011101010
000011100111
000011100111
000011101000
000011101010
000011101010
000011101001
000011101000
000011100101
000011011111
000011011010
000011010100
000011001110
000011000101
000010111011
000010110001
000010100101
000010011011
000010010001
000010000111
000001111100
000001110000
000001100011
000001011001
000001001111
000001000011
000000111000
000000101111
000000100110
000000011111
000000011001
000000010010
000000001011
000000000110
000000000011
000000000011
000000000010
000000000011
000000000010
000000000010
000000000010
000000000010
000000000011
000000000010
000000000010
111111111111
000000000000
000000000000
000000000001
000000000010
000000000010
000000000000
000000000000
111111111111
000000000001
000000000000
111111111110
111111111101
111111111101
111111111110
111111111110
111111111110
111111111101
111111111111
111111111101
111111111110
111111111111
111111111110
111111111110
111111111111
000000000000
000000000000
000000000001
000000000001
000000000001
000000000001
000000000000
000000000001
000000000001
000000000010
000000000011
000000000101
000000000100
000000000100
000000000100
000000000100
000000000010
000000000010
000000000001
000000000000
000000000001
000000000010
000000000001
000000000001
000000000011
000000000000
111111111111
111111111111
111111111101
111111111101
111111111101
111111111110
111111111110
111111111110
111111111100
111111111011
111111111011
111111111100
111111111100
111111111100
111111111100
111111111101
111111111111
000000000001
000000000010
000000000010
000000000001
000000000000
000000000000
111111111110
111111111110
111111111110
111111111111
000000000000
000000000001
000000000010
000000000000
111111111111
111111111110
111111111111
000000000000
000000000000
000000000000
000000000001
000000000010
000000000001
111111111110
111111111111
000000000000
111111111111
111111111111
000000000001
000000000000
000000000000
000000000000
000000000010
000000000010
000000000001
000000000010
000000000001
000000000000
000000000001
000000000001
000000000001
000000000010
000000000011
000000000010
000000000010
000000000010
111111111111
111111111111
000000000001
000000000000
000000000000
000000000000
000000000000
000000000001
111111111111
111111111111
000000000000
111111111111
111111111111
111111111110
111111111101
111111111110
111111111110
111111111111
111111111110
111111111101
111111111111
111111111110
111111111100
111111111110
111111111111
111111111110
111111111110
111111111111
111111111110
111111111111
111111111110
111111111101
111111111101
111111111110
111111111111
111111111111
111111111111
111111111110
111111111110
111111111101
111111111101
111111111100
111111111100
111111111101
111111111100
111111111110
111111111111
000000000000
000000000000
111111111110
111111111011
111111110111
111111110000
111111101001
111111100010
111111011001
111111010001
111111000101
111110111101
111110110100
111110100111
111110011011
111110001110
111110000010
111101110101
111101101010
111101011110
111101010100
111101001000
111100111110
111100110111
111100101110
111100100110
111100011111
111100011000
111100010101
111100010010
111100010000
111100010000
111100010000
111100001111
111100010000
111100010000
111100010000
111100010001
111100010000
111100010001
111100010001
111100010011
111100010110
111100011000
111100011000
111100011001
111100011001
111100011010
111100011010
111100011010
111100011010
111100011010
111100011000
111100011000
111100011001
111100011000
111100011000
111100011001
111100010110
111100010111
111100011000
111100011011
111100100000
111100100111
111100101101
111100110100
111100111100
111101000100
111101001101
111101010110
111101100001
111101101101
111101111001
111110000101
111110010001
111110011100
111110101000
111110110011
111110111100
111111001001
111111010011
111111011010
111111100001
111111100111
111111101110
111111110011
111111110101
111111111000
111111111100
111111111011
111111111001
111111111001
111111111001
111111111011
111111111100
111111111110
111111111110
111111111111
000000000000
000000000000
111111111111
000000000000
000000000001
000000000010
000000000010
000000000001
000000000000
111111111111
111111111111
111111111110
000000000000
000000000001
000000000001
000000000001
000000000001
000000000010
000000000001
111111111111
111111111110
111111111101
111111111100
111111111011
111111111010
111111111101
111111111101
111111111100
111111111010
111111111010
111111111001
111111111010
111111111010
111111111010
111111111001
111111111010
111111111010
111111111010
111111111010
111111111000
111111111000
111111110111
111111110101
111111110101
111111110110
111111110110
111111111000
111111111010
111111111011
111111111101
111111111101
111111111100
111111111011
111111111011
111111111010
111111111100
111111111100
111111111101
111111111100
111111111011
111111111101
111111111100
111111111011
111111111100
111111111011
111111111100
111111111101
111111111101
111111111101
111111111101
111111111101
111111111101
111111111011
111111111011
111111111011
111111111011
111111111011
111111111101
111111111111
111111111101
000000000000
000000000001
111111111111
111111111111
111111111111
111111111110
111111111111
111111111111
111111111111
111111111110
111111111101
111111111110
111111111100
111111111010
111111111010
111111110111
111111111000
111111111000
111111110111
111111111000
111111111001
111111111001
111111111001
111111111000
111111111000
111111111000
111111111000
111111111001
111111111100
111111111100
111111111100
111111111101
111111111100
111111111011
111111111010
111111111011
111111111010
111111111011
111111111011
111111111100
111111111010
111111111011
111111111100
111111111011
111111111100
111111111010
111111111010
111111111010
111111111010
111111111010
111111111100
111111111110
111111111111
000000000000
111111111111
111111111111
111111111111
111111111110
111111111111
111111111101
111111111110
111111111110
111111111101
111111111100
111111111010
111111111001
111111111001
111111111000
111111111000
111111111010
111111111010
111111111010
111111111011
111111111011
111111111011
111111111100
111111111100
111111111011
111111111011
111111111100
111111111100
111111111100
111111111110
111111111111
111111111111
000000000000
111111111110
111111111110
111111111110
111111111111
111111111110
111111111101
111111111110
111111111011
111111111011
111111111010
111111111010
111111111100
111111111010
111111111001
111111111010
111111111011
111111111100
111111111110
111111111111
111111111110
111111111110
111111111110
111111111100
111111111101
111111111101
111111111100
111111111100
111111111101
111111111110
111111111110
111111111110
111111111101
111111111100
111111111100
111111111111
111111111110
111111111101
111111111110
111111111100
111111111100
111111111100
111111111101
111111111110
111111111110
111111111101
111111111110
111111111111
111111111110
111111111111
111111111111
111111111110
111111111100
111111111100
111111111011
111111111010
111111111001
111111111001
111111111000
111111111001
111111111001
111111111001
111111111000
111111111000
111111110110
111111110110
111111111000
111111111000
111111111001
111111111001
111111111000
111111111000
111111111000
111111111010
111111111010
111111111011
111111111100
111111111011
111111111100
111111111101
111111111110
111111111101
111111111101
111111111101
111111111101
111111111110
111111111101
111111111101
111111111110
111111111101
111111111110
000000000000
000000000001
111111111111
111111111110
111111111110
000000000000
000000000000
111111111111
000000000000
111111111111
111111111111
000000000000
111111111111
111111111110
111111111111
111111111110
111111111111
111111111101
111111111100
111111111100
111111111100
111111111011
111111111010
111111111001
111111111000
111111111001
111111110110
111111110111
111111110111
111111110111
111111111001
111111111000
111111111010
111111111001
111111111000
111111111010
111111111101
111111111100
111111111011
111111111011
111111111010
111111111010
111111111100
111111111100
111111111100
111111111110
111111111110
111111111111
111111111111
111111111111
111111111111
111111111111
000000000001
000000000001
111111111110
111111111110
111111111110
111111111101
111111111100
111111111011
111111111010
111111111011
111111111010
111111111011
111111111011
111111111010
111111111010
111111111011
111111111010
111111111010
111111111001
111111110111
111111110111
111111110110
111111110110
111111110111
111111111001
111111111001
111111111010
111111111001
111111111010
111111111011
111111111010
111111111101
111111111101
111111111100
111111111110
111111111110
111111111110
111111111111
111111111110
111111111100
111111111100
111111111100
111111111101
111111111101
111111111100
111111111101
111111111100
111111111100
111111111101
111111111100
111111111010
111111111010
111111111010
111111111010
111111111010
111111111011
111111111011
111111111011
111111111011
111111111011
111111111010
111111111001
111111111011
111111111100
111111111100
111111111110
111111111111
111111111110
111111111111
111111111111
111111111011
111111111011
111111111011
111111111010
111111111010
111111111011
111111111011
111111111011
111111111011
111111111010
111111111011
111111111011
111111111011
111111111110
111111111101
111111111110
111111111110
111111111110
111111111111
111111111110
111111111111
111111111110
111111111101
111111111101
000000000000
000000000010
000000000010
000000000010
000000000010
000000000011
000000000010
000000000000
000000000000
111111111110
111111111101
111111111100
111111111101
111111111011
111111111010
111111111001
111111110111
111111111000
111111111001
111111110111
111111111000
111111111000
111111111000
111111111000
111111111000
111111111000
111111111000
111111111000
111111111001
111111110111
111111111000
111111111001
111111111010
111111111011
111111111100
111111111100
111111111110
111111111101
111111111111
111111111110
111111111100
111111111100
111111111100
111111111100
111111111101
111111111101
111111111011
111111111011
111111111011
111111111100
111111111101
111111111101
111111111100
111111111110
111111111101
111111111100
111111111100
111111111011
111111111011
111111111100
111111111011
111111111100
111111111011
111111111010
111111111011
111111111101
111111111011
111111111101
111111111100
111111111100
111111111100
111111111011
111111111010
111111111011
111111111011
111111111011
111111111011
111111111000
111111111010
111111111010
111111111011
111111111100
111111111100
111111111100
111111111110
111111111110
111111111101
111111111101
111111111100
111111111100
111111111011
111111111100
111111111110
111111111111
111111111101
111111111110
111111111111
111111111110
111111111101
111111111110
111111111101
111111111100
111111111100
111111111110
111111111110
111111111111
111111111111
111111111101
111111111101
111111111110
111111111101
111111111101
111111111110
111111111110
111111111101
111111111101
111111111110
111111111101
111111111100
111111111010
111111111011
111111111001
111111111001
111111111011
111111111100
111111111100
111111111101
111111111100
111111111100
111111111010
111111111011
111111111001
111111111001
111111111010
111111111100
111111111100
111111111100
111111111100
111111111011
111111111010
111111111011
111111111011
111111111011
111111111100
111111111011
111111111011
111111111100
111111111100
111111111011
111111111001
111111111001
111111111001
111111111000
111111111000
111111111001
111111111010
111111111001
111111111001
111111111000
111111111001
111111111001
111111111010
111111111001
111111111010
111111111100
111111111100
111111111100
111111111100
111111111100
111111111100
111111111100
111111111110
111111111110
111111111110
111111111111
111111111110
111111111110
111111111111
000000000000
000000000001
111111111110
111111111111
111111111111
111111111111
111111111110
111111111111
000000000000
111111111111
111111111101
111111111101
111111111111
111111111110
111111111101
111111111101
111111111100
111111111101
111111111110
111111111101
111111111100
111111111011
111111111010
111111111010
111111111100
111111111100
111111111011
111111111010
111111111001
111111111001
111111111010
111111111010
111111111011
111111111010
111111111010
111111111001
111111111011
111111111011
111111111110
111111111110
111111111101
111111111101
111111111101
111111111110
111111111110
111111111101
111111111110
111111111100
111111111101
111111111110
000000000000
111111111110
111111111101
111111111110
111111111110
111111111111
000000000000
000000000000
111111111111
111111111101
111111111100
111111111100
111111111011
111111111011
